if game.PlaceId == 4520749081 or game.PlaceId == 6381829480 then
	local mt = getrawmetatable(game)
local newindex = mt.__newindex
setreadonly(mt,false)
mt.__newindex = function(a,b,c)
    if b == 'CFrame' and a.Name == 'HumanoidRootPart' and string.find(getfenv(2).script:GetFullName(), 'Services.Client')  then
        return newindex(a,b, a.CFrame)
    end
    return newindex(a,b,c)
end

	--------------------------------------------------------------------------------------------------------------------------------------
	local DiscordLib = loadstring(game:HttpGet('https://pastebin.com/raw/GrqykwSh'))()
	
	local win = DiscordLib:Window(" Dragon Hub | kinglegacy")
	
	local serv = win:Server("Dragon Buyer", "http://www.roblox.com/asset/?id=7180146815")
	
	local tab = serv:Channel("Auto Farm")
	function CheckLevel()
		local lvl = game.Players.LocalPlayer.PlayerStats.lvl.Value
		if game.PlaceId == 4520749081 then
			if lvl >= 1 and lvl <= 9 then
		  namemobs = "Soldier [Lv. 1]"
		  levelquest = 1
		  CFrameQuest = CFrame.new(2276.29541, 48.5389481, -1647.28113, 0.613133192, -0, -0.789979577, 0, 1, -0, 0.789979577, 0, 0.613133192)
		  removequest = "Beli 250"
		elseif lvl >= 10 and lvl <=19 then
		  namemobs = "Clown Pirate [Lv. 10]"
		  levelquest = 10
		  CFrameQuest = CFrame.new(2495.31689, 47.7177238, -1773.83765, -0.788017035, 0, -0.615653694, 0, 1, 0, 0.615653694, 0, -0.788017035)
		  removequest = "Beli 300"
		elseif lvl >= 20 and lvl <= 29 then
			namemobs = "Smoky [Lv. 20]"
			levelquest = 20
			CFrameQuest = CFrame.new(2229.23413, 48.2397079, -1781.35217, -0.789979458, 0, -0.613133252, 0, 1, 0, 0.613133252, 0, -0.789979458)
			removequest = "Beli 500"
		elseif lvl >= 30 and lvl <= 49 then
			namemobs = "Tashi [Lv. 30]"
			levelquest = 30
			CFrameQuest = CFrame.new(2012.65454, 48.2536201, -1808.07178, 0.789979517, 0, 0.613133252, 0, 1, 0, -0.613133252, 0, 0.789979517)
			removequest = "Beli 750"
		elseif lvl >= 50 and lvl <= 74 then
			namemobs = "Clown Pirate [Lv. 50]"
			levelquest = 50
			CFrameQuest = CFrame.new(4021.25781, 37.8887329, 268.103943, 0.529884458, -0, -0.848069847, 0, 1, -0, 0.848069847, 0, 0.529884458)
			removequest ="Beli 1K"
		elseif lvl >= 75 and lvl <= 100 then
			namemobs = "The Clown [Lv. 75]"
			levelquest = 75
			CFrameQuest = CFrame.new(4260.06592, 69.0870895, 249.896057, 0.529884458, -0, -0.848069847, 0, 1, -0, 0.848069847, 0, 0.529884458)
			removequest = "Beli 1.25K"
		elseif lvl >= 100 and lvl <=119 then
			namemobs = "Commander [Lv. 100]"
			levelquest = 100
			CFrameQuest = CFrame.new(1881.1582, 38.8882942, 1156.87061, -0.913549781, 0, 0.406727046, 0, 1, 0, -0.406727046, 0, -0.913549781)
			removequest = "Beli 1.5K"
		elseif lvl >= 120 and lvl <= 144 then
			namemobs = "Captain [Lv. 120]"
			levelquest = 120
			CFrameQuest = CFrame.new(1764.40845, 39.71521, 1230.9231, 0.913549721, -0, -0.406727046, 0, 1, -0, 0.406727046, 0, 0.913549721)
			removequest = "Beli 1.75K"
		elseif lvl >= 145 and lvl <= 179 then
			namemobs = "Axe-Hand [Lv. 145]"
			levelquest = 145
			CFrameQuest = CFrame.new(1606.30029, 68.7078476, 1361.55359, 0.917908251, 0.000253595645, -0.39679268, -0.000253595645, 0.99999994, 5.24659517e-05, 0.39679268, 5.24659517e-05, 0.917908251)
			removequest = "Beli 2K"
		elseif lvl >= 180 and lvl <= 199 then
			namemobs = "Fishman [Lv. 180]"
			levelquest = 180
			CFrameQuest = CFrame.new(3872.67358, 10.889246, 3252.62329, 0.819155693, -0, -0.573571265, 0, 1, -0, 0.573571265, 0, 0.819155693)
			removequest = "Beli 2.25K"
		elseif lvl >= 200 and lvl <= 229 then
			namemobs = "Karate Fishman [Lv. 200]"
			levelquest = 200
			CFrameQuest = CFrame.new(4208.9751, 10.8634539, 3285.38721, 0.573598742, 0, 0.81913656, 0, 1, 0, -0.81913656, 0, 0.573598742)
			removequest = "Beli 2.5K"
		elseif lvl >= 230 and lvl <= 249 then
			namemobs = "SharkMan [Lv. 230]"
			levelquest = 230
			CFrameQuest = CFrame.new(4292.15088, 10.8831606, 3247.86523, -0.801726937, 0, 0.597690463, 0, 1, 0, -0.597690463, 0, -0.801726937)
			removequest = "Beli 2.75K"
		elseif lvl >= 250 and lvl <= 299 then
			namemobs = "Trainer Chef [Lv. 250]"
			levelquest = 250
			CFrameQuest = CFrame.new(-50.4521332, 49.8431091, -85.4636002, 0.854788899, 0, 0.518975854, 0, 1, 0, -0.518975854, 0, 0.854788899)
			removequest = "Beli 3K"
		elseif lvl >= 300 and lvl <= 350 then
			namemobs = "Dark Leg [Lv. 300]"
			levelquest = 300
			CFrameQuest = CFrame.new(40.3570976, 99.6126328, -45.6973267, 0.876903236, -0, -0.480666965, 0, 1, -0, 0.480666965, 0, 0.876903236)
			removequest = "Beli 3.25K"
		elseif lvl >= 350 and lvl <= 399 then
			namemobs = "Weapon Man [Lv. 350]"
			levelquest = 350
			CFrameQuest = CFrame.new(-42.2680435, 49.8572884, 112.88829, -0.879374862, 0, 0.476129979, 0, 1, 0, -0.476129979, 0, -0.879374862)
			removequest = "Beli 3.5K"
		elseif lvl >= 400 and lvl <= 449 then
			namemobs = "Snow Soldier [Lv. 400]"
			levelquest = 400
			CFrameQuest = CFrame.new(-2854.47925, 18.4605579, 1421.01794, 0.173624337, -0, -0.984811902, 0, 1, -0, 0.984811902, 0, 0.173624337)
			removequest = "Beli 3.75K"
			elseif lvl >= 450 and lvl <= 500 then
				namemobs = "King Snow [Lv. 450]"
				levelquest = 450
				CFrameQuest = CFrame.new(-2882.75317, 18.2281208, 1187.48169, -0.984807611, 0, -0.1736494, 0, 1, 0, 0.1736494, 0, -0.984807611)
				removequest = "Beli 4K"
			elseif lvl >= 500 and lvl <= 525 then
				namemobs = "Heavy Man [Lv. 500]"
				levelquest = 500
				CFrameQuest = CFrame.new(-2634.60205, 20.232378, 1615.61584, 0.95638144, 0.0402299501, -0.289337188, -0.0151332067, 0.995964825, 0.0884590447, 0.291728348, -0.0802219808, 0.953131139)
				removequest = "Beli 4.25K"
			elseif lvl >= 525 and lvl <= 625 then
				namemobs = "Candle Man [Lv. 525]"
				levelquest = 525
				CFrameQuest = CFrame.new(1730.93481, 11.6042376, 3645.52612, 0.405821055, -0.153332084, -0.900998712, 0.0876122564, 0.987813056, -0.128644556, 0.909743667, -0.0267318692, 0.414309084)
				removequest = "Beli 4.5K"
			elseif lvl >= 625 and lvl <= 725 then
				namemobs = "Bomb Man [Lv. 625]"
				levelquest = 625
				CFrameQuest = CFrame.new(1518.93481, 16.2578449, 3433.86792, 0.909801066, 0.0318899676, -0.413817585, 0.000235149637, 0.997004032, 0.0773489922, 0.415044487, -0.0704694986, 0.907067835)
				removequest = "Beli 4.75K"
			elseif lvl >= 725 and lvl <= 800 then
				namemobs = "King of Sand [Lv. 725]"
				levelquest = 725
				CFrameQuest = CFrame.new(1509.43628, 44.4459724, 3539.62476, 0.979067743, 0.0538066104, -0.196293831, -0.0628938526, 0.997204065, -0.0403536521, 0.193573713, 0.0518546402, 0.979714394)
				removequest = "Beli 5K"
			elseif lvl >= 800 and lvl <= 850 then
				namemobs = "Sky Soldier [Lv. 800]"
				levelquest = 800
				CFrameQuest = CFrame.new(-1253.51074, 202.065659, 4578.83887, -0.875835419, -0.0831081197, -0.475400507, -0.0319075771, 0.992877364, -0.114788279, 0.48155421, -0.0853667855, -0.872249007)
				removequest = "Beli 5.25K"
			elseif lvl >= 850 and lvl <= 900 then
				namemobs = "Sky Soldier [Lv. 800]"
				levelquest = 800
				CFrameQuest = CFrame.new(-1253.51074, 202.065659, 4578.83887, -0.875835419, -0.0831081197, -0.475400507, -0.0319075771, 0.992877364, -0.114788279, 0.48155421, -0.0853667855, -0.872249007)
				removequest = "Beli 5.5K"
			elseif lvl >= 900 and lvl <= 1000 then
				namemobs = "Rumble Man [Lv. 900]"
				levelquest = 900
				CFrameQuest = CFrame.new(-859.264099, 387.104401, 4880.18457, 0.432367295, 0.0204205755, 0.901466429, -0.0061927652, 0.999787211, -0.019677585, -0.901676416, 0.00292538572, 0.432401747)
				removequest = "Beli 5.75K"
			elseif lvl >= 1000 and lvl <= 1100 then
				namemobs = "Soldier [Lv. 1000]"
				levelquest = 1000
				CFrameQuest = CFrame.new(8270.58105, 13.6778574, 5439.92529, 0.88256973, -0.0192820504, -0.469785929, -0.0392946079, 0.992638528, -0.114563502, 0.468536675, 0.119570337, 0.875315011)
				removequest = "Beli 6K"
			elseif lvl >= 1000 and lvl <= 1100 then
				namemobs = "Leader [Lv. 1100]"
				levelquest = 1100
				CFrameQuest = CFrame.new(8174.25195, 12.2141132, 5287.77686, -0.369476914, 0, -0.929239869, 0, 1, 0, 0.929239869, 0, -0.369476914)
				removequest = "Beli 6.25K"
			elseif lvl >= 1100 and lvl <= 1250 then
				namemobs = "Pasta [Lv. 1150]"
				levelquest = 1150
				CFrameQuest = CFrame.new(7996.17285, 10.4255419, 5767.40771, 0.202308223, 0.288636118, 0.935820818, -0.17098628, 0.951313257, -0.256450236, -0.964279473, -0.108130544, 0.241811335)
				removequest = "Beli 6.5K"
			elseif lvl >= 1250 and lvl <= 1325 then
				namemobs = "Wolf [Lv. 1250]"
				levelquest = 1250
				CFrameQuest = CFrame.new(4209.16943, 14.5519104, 6766.67822, -0.996276498, -0.00595686352, 0.0860107914, 0.000497628469, 0.997196376, 0.0748270899, -0.0862153992, 0.074591279, -0.993480206)
				removequest = "Beli 6.75K"
			elseif lvl >= 1325 and lvl <= 1400 then
				namemobs = "Giraffe [Lv. 1325]"
				levelquest = 1325
				CFrameQuest = CFrame.new(4311.78955, 14.3874712, 6980.81885, 0.906806409, -0.0326897502, 0.420278013, -0.000123947859, 0.996967912, 0.0778128579, -0.421547353, -0.0706133246, 0.904052854)
				removequest = "Beli 7K"
			elseif lvl >= 1400 and lvl <= 1450 then
				namemobs = "Leo [Lv. 1400]"
				levelquest = 1400
				CFrameQuest = CFrame.new(4313.43164, 13.441721, 7415.81885, -0.996191859, 0, -0.0871884301, 0, 1, 0, 0.0871884301, 0, -0.996191859)
				removequest = "Beli 7.25K"
			elseif lvl >= 1500 and lvl <= 1600 then
				namemobs = "Zombie [Lv. 1500]"
				levelquest = 1500
				CFrameQuest = CFrame.new(-777.93219, 47.1999893, 8476.06738, -0.572766006, -5.93146865e-09, -0.819719076, 3.76606607e-10, 1, -7.49912576e-09, 0.819719076, -4.60395544e-09, -0.572766006)
				removequest = "Beli 7.5K"
			elseif lvl >= 1600 and lvl <= 1750 then
				namemobs = "Shadow Master [Lv. 1600]"
				levelquest = 1600
				CFrameQuest = CFrame.new(-791.589966, 48.4205627, 8331.29004, 0.717670381, 0.0473710671, 0.694769919, -0.00413261307, 0.997955799, -0.0637741759, -0.696370721, 0.042897623, 0.716399074)
				removequest = "Beli 7.75K"
			elseif lvl >= 1750 and lvl <= 1800 then
				namemobs = "New World Pirate [Lv. 1750]"
				levelquest = 1750
				CFrameQuest = CFrame.new(8604.64063, 52.1293983, 1731.78503, 0.109754428, -0.0862798169, 0.990206838, -0.0151337748, 0.995964825, 0.0884589553, -0.993843436, -0.0246943496, 0.108005822)
				removequest = "Beli 8K"
			elseif lvl >= 1800 and lvl <= 1850 then
				namemobs = "Rear Admiral [Lv. 1800]"
				levelquest = 1800
				CFrameQuest = CFrame.new(8583.79297, 52.1117554, 1348.46204, 0.933460295, -0.0176343955, 0.358246922, -0.0151340859, 0.995964825, 0.0884593502, -0.358361185, -0.0879950151, 0.929426789)
				removequest = "Beli 8.25K"
			elseif lvl >= 1850 and lvl <= 1924 then
				namemobs = "True Karate Fishman [Lv. 1850]"
				levelquest = 1850
				CFrameQuest = CFrame.new(8557.40723, 49.0682983, 1460.91003, 0.261405498, 0.305788577, 0.915511131, -0.016542865, 0.949771047, -0.312508196, -0.965087295, 0.0665461868, 0.253334016)
				removequest = "Beli 8.5K"
			elseif lvl >= 1925 and lvl <= 1999 then
				namemobs = "Quake Woman [Lv. 1925]"
				levelquest = 2000
				CFrameQuest = CFrame.new(8242.12402, 49.9741898, 1389.76782, -0.98284173, 0, 0.184450701, 0, 1, 0, -0.184450701, 0, -0.98284173)
				removequest = "Beli 8.75K"
		  elseif lvl >= 2000 and lvl <= 2100 then
				namemobs = "Fishman [Lv. 2000]"
				levelquest = 2000
				CFrameQuest = CFrame.new(2973.40796, 41.9508362, 13350.1533, -0.460042477, 0.0735667273, 0.884844005, 0.0316808186, 0.997287035, -0.0664440617, -0.887331545, -0.00253448542, -0.461125106)
				removequest = "Beli 9K"
			elseif lvl >= 2100 and lvl <= 2150 then
				namemobs = "Sword Fishman [Lv. 2100]"
				levelquest = 2100
				CFrameQuest = CFrame.new(3294.42041, 42.4713516, 13794.4932, 0.259266078, 0.0893519968, -0.961663783, -0.0151336165, 0.995964825, 0.088459, 0.965687335, -0.00838093832, 0.259572089)
				removequest = "Beli 9.5K"
			elseif lvl >= 2150 and lvl <= 2200 then
				namemobs = "Fishman Soldier [Lv. 2150]"
				levelquest = 2150
				CFrameQuest = CFrame.new(3019.82349, 41.2185402, 13885.7314, 0.0158671886, -0.202030033, -0.979250789, -0.963101864, 0.260072201, -0.069261238, 0.26866883, 0.944217205, -0.19044891)
				removequest = "Beli 9.75K"      
			elseif lvl >= 2200 then
				namemobs = "Seasoned Fishman [Lv. 2200]"
				levelquest = 2200
				CFrameQuest = CFrame.new(2785.53638, 39.5822182, 13822.6357, 0.986753762, -1.58816427e-09, -0.162225112, 3.76606607e-10, 1, -7.49912576e-09, 0.162225112, 7.33869543e-09, 0.986753762)
				removequest = "Beli 10K"
			end
		end
		if game.PlaceId == 6381829480 then
			local lvl = game:GetService("Players").LocalPlayer.PlayerStats.lvl.Value
			if lvl >= 2250 and lvl <= 2299 then
				namemobs = "Beast Pirate [Lv. 2250]"
				CFrameQuest = CFrame.new(558.123962, 75.4188766, -2156.09204, -1, 0, 0, 0, 1, 0, 0, 0, -1)
				levelquest = 2250
				removequest = "Beli 10.25K"
			elseif lvl >= 2300 and lvl <= 2349 then
				namemobs = "Beast Pirate [Lv. 2300]"
				CFrameQuest = CFrame.new(416.176941, 75.386673, -5425.97754, -1.1920929e-07, 0, 1.00000012, 0, 1, 0, -1.00000012, 0, -1.1920929e-07)
				levelquest = 2300
				removequest = "Beli 10.5K"
			elseif lvl >= 2350 and lvl <= 2399 then
				namemobs = "Snake Man [Lv. 2350]"
				CFrameQuest = CFrame.new(88.140152, 75.3936996, -5321.16357, -0.023422122, 0, -0.99972564, 0, 1, 0, 0.99972564, 0, -0.023422122)
				levelquest = 2350
				removequest = "Beli 10.75K"
			elseif lvl >= 2400 and lvl <= 2449 then
				namemobs = "Bandit Beast Pirate [Lv. 2400]"
				CFrameQuest = CFrame.new(-2120.31909, 74.9218903, -4906.35107, -1, 0, 0, 0, 1, 0, 0, 0, -1)
				levelquest = 2400
				removequest = "Beli 11K"
			elseif lvl >= 2450 and lvl <= 2499 then
				namemobs = "Powerful Beast Pirate [Lv. 2450]"
				CFrameQuest = CFrame.new(-2754.46362, 75.4548111, -5289.625, 0.57264179, 0, 0.819805682, 0, 1, 0, -0.819805682, 0, 0.57264179)
				levelquest = 2450
				removequest = "Beli 11.25K"
			elseif lvl >= 2500 and lvl <= 2549 then
				namemobs = "Violet Samurai [Lv. 2500]"
				CFrameQuest = CFrame.new(-3022.99292, 75.7534866, -4925.86426, 0.901796937, 0, 0.43216005, 0, 1, 0, -0.43216005, 0, 0.901796937)
				levelquest = 2500
				removequest = "Beli 11.5K"
			elseif lvl >= 2550 and lvl <= 2599 then
				namemobs = "Rabbit Man [Lv. 2550]"
				CFrameQuest = CFrame.new(-1037.83777, 75.6733093, -1947.10742, 1, 0, 0, 0, 1, 0, 0, 0, 1)
				levelquest = 2550
				removequest = "Beli 11.75K"
			elseif lvl >= 2600 and lvl <= 2649 then
				namemobs = "Bat Man [Lv. 2600]"
				CFrameQuest = CFrame.new(-2710.16284, 75.4078979, -1561.74146, 0, 0, 1, 0, 1, -0, -1, 0, 0)
				levelquest = 2600
				removequest = "Beli 12K"
			elseif lvl >= 2650 and lvl <= 2699 then
				namemobs = "Kitsune Samurai [Lv. 2650]"
				CFrameQuest = CFrame.new(-2917.12598, 75.457901, -1452.71692, 1, 0, 0, 0, 1, 0, 0, 0, 1)
				levelquest = 2650
				removequest = "Beli 12.25K"
			elseif lvl >= 2700 and lvl <= 2749 then
				namemobs = "Elite Beast Pirate [Lv. 2700]"
				CFrameQuest = CFrame.new(-1042.13416, 75.4581985, 172.622971, 0.707134247, -0, -0.707079291, 0, 1, -0, 0.707079291, 0, 0.707134247)
				levelquest = 2700
				removequest = "Beli 12.5K"
			elseif lvl >= 2750 and lvl <= 2799 then
				namemobs = "Elite Beast Pirate [Lv. 2750]"
				CFrameQuest = CFrame.new(-1051.44336, 75.4359818, -113.772148, -1.1920929e-07, -0, -1.00000012, 0, 1, -0, 1.00000012, 0, -1.1920929e-07)
				levelquest = 2750
				removequest = "Beli 12.75K"
			elseif lvl >= 2800 and lvl <= 2849 then
				namemobs = "Bear Man [Lv. 2800]"
				CFrameQuest = CFrame.new(-387.776123, 75.4327545, 280.899261, 1, 0, 0, 0, 1, 0, 0, 0, 1)
				levelquest = 2800
				removequest = "Beli 13K"
			elseif lvl >= 2850 and lvl <= 2899 then
				namemobs = "Magician [Lv. 2850]"
				CFrameQuest = CFrame.new(-3519.60156, 75.506752, 1201.35449, 1, 0, 0, 0, 1, 0, 0, 0, 1)
				levelquest = 2850
				removequest = "Beli 13.25K"
			elseif lvl >= 2900 and lvl <= 2949 then
				namemobs = "Pachy Woman [Lv. 2900]"
				CFrameQuest = CFrame.new(-4334.17969, 75.456749, 1914.44507, 0.480083644, -0, -0.877222717, 0, 1, -0, 0.877222717, 0, 0.480083644)
				levelquest = 2900
				removequest = "Beli 13.5K"
			elseif lvl >= 2950 and lvl <= 2999 then
				namemobs = "Kappa [Lv. 2950]"
				CFrameQuest = CFrame.new(-1426.53455, 74.8297577, 4112.34961, 0.0880642533, -0, -0.996114731, 0, 1, -0, 0.996114731, 0, 0.0880642533)
				levelquest = 2950
				removequest = "Beli 13.75K"
			elseif lvl >= 3000 and lvl <= 3024 then
				namemobs = "Mammoth Man [Lv. 3000]"
				CFrameQuest = CFrame.new(-4276.69336, 74.254776, 4561.5752, 0.996116102, 0, 0.0880491585, 0, 1, 0, -0.0880491585, 0, 0.996116102)
				levelquest = 3000
				removequest = "Beli 14K"
			elseif lvl >= 3025 and lvl <= 3074 then
				namemobs = "Skull Pirate [Lv. 3050]"
				CFrameQuest = CFrame.new(-3816.54614, 51.3296509, 9891.29688, -1.1920929e-07, 0, -1.00000012, 0, 1, 0, 1.00000012, 0, -1.1920929e-07)
				levelquest = 3025
				removequest = "Beli 14.25K"
			elseif lvl >= 3075 and lvl <= 3099 then
				namemobs = "Elite Skeleton [Lv. 3100]"
				CFrameQuest = CFrame.new(-3032.25317, 51.5443535, 9854.83691, -1.1920929e-07, 0, 1.00000012, 0, 1, 0, -1.00000012, 0, -1.1920929e-07)
				levelquest = 3075
				removequest = "Beli 14.5K"
			elseif lvl >= 3100 and lvl <= 3124 then
				namemobs = "Desert Thief [Lv.3125]"
				CFrameQuest = CFrame.new(8847.94238, 14.4670143, 1400.72119, -0.322491169, 0, 0.946572542, 0, 1, 0, -0.946572542, 0, -0.322491169)
				levelquest = 3100
				removequest = "Beli 15K"
			elseif lvl >= 3125 and lvl <= 3149 then
				namemobs = "Anubis [Lv.3150]"
				CFrameQuest = CFrame.new(9141.8457, 14.469614, 1055.01233, -0.894592047, 0, 0.446883589, 0, 1, 0, -0.446883589, 0, -0.894592047)
				levelquest = 3125
				removequest = "Beli 15.5K"
			elseif lvl >= 3150  and lvl <= 3174 then
				namemobs = "Pharaoh [Lv.3175]"
				CFrameQuest = CFrame.new(9554.38672, 14.4762154, 1545.59363, 0.31220305, 0, 0.950015426, 0, 1, 0, -0.950015426, 0, 0.31220305)
				levelquest = 3150
				removequest = "Beli 16K"
			elseif lvl > 3175 then
				namemobs = "Flame User [Lv.3200]"
				CFrameQuest = CFrame.new(9857.44727, 14.7451639, 1684.2052, -0.0956259966, 0, 0.995417356, 0, 1, 0, -0.995417356, 0, -0.0956259966)
				levelquest = 3175
				removequest = "Beli 16.5K"
			end
		end
	end
	
			tab:Toggle("Auto-Farm Level",false,function(t)
				farm = t
			end)
	
			spawn(function()
				while wait() do
					if farm then
						pcall(function()
							equip()
							CheckLevel()
							game.Players.LocalPlayer.Character.HumanoidRootPart.CFrame = CFrameQuest
							if game:GetService("Players").LocalPlayer.PlayerGui.Quest.QuestBoard.Visible == false then
								wait(1)
								game:GetService'VirtualUser':Button1Up(Vector2.new(0,0))
								game:GetService'VirtualUser':Button1Down(Vector2.new(0,0))
								game:GetService("Players").LocalPlayer.PlayerGui["QuestLvl"..levelquest].Dialogue.Accept.Size = UDim2.new(15,0,15,0)
								game:GetService("Players").LocalPlayer.PlayerGui["QuestLvl"..levelquest].Dialogue.Accept.Position = UDim2.new(-5,0,-5,0)
								wait(.1)
								game:GetService'VirtualUser':Button1Up(Vector2.new(0,0))
								game:GetService'VirtualUser':Button1Down(Vector2.new(0,0))
							elseif game:GetService("Players").LocalPlayer.PlayerGui.Quest.QuestBoard.Visible == true then
								if game:GetService("Players").LocalPlayer.PlayerGui.Quest.QuestBoard.beli.Text ~= removequest then
									game:GetService("Players").LocalPlayer.PlayerGui.Quest.QuestBoard.Visible = false
								elseif game:GetService("Players").LocalPlayer.PlayerGui.Quest.QuestBoard.beli.Text == removequest then
									for i,v in pairs(game:GetService("Workspace").Monster:GetDescendants()) do
										if v.Name == namemobs and v.Humanoid.Health > 0  then
											game.Players.LocalPlayer.Character.HumanoidRootPart.CFrame = v.HumanoidRootPart.CFrame * CFrame.new(0,dis,0) * CFrame.Angles(math.rad(-90), 0, 0)
											autoskillheehee()
											wait(.1)
											attack()
										end
									end
								end
							end
						end)
					end
				end
			end)
	
			game:GetService("RunService").RenderStepped:Connect(function()
				if farm then
					game.Players.LocalPlayer.Character.Humanoid:ChangeState(11)
				end
			end)
			function attack()
				game:GetService('VirtualUser'):CaptureController()
				game:GetService('VirtualUser'):Button1Down(Vector2.new(9999, 9999))
			end
			tab:Toggle("Haki",false,function(t)
				_G.BusoHaki = t
			end)

			tab:Toggle("Ken-Haki",false,function(t)
				_G.SemiGod = t
			end)

			dis = 6
			tab:Slider("Distance",0,10,6,function(t)
				dis = t
			end)
			local TOOLS = {}
			for i,v in pairs(game.Players.LocalPlayer.Backpack:GetChildren()) do
				if v:IsA("Tool") then
					table.insert(TOOLS,v.Name)
				end
			end
	
			local rdropdwon = tab:Dropdown("SelectWeapon",TOOLS,function(t)
				_G.SelectWeapon = t
			end)
	
			function equip()
				pcall(function()
					for i,v in pairs(game.Players.LocalPlayer.Backpack:GetChildren()) do
						if v.Name == _G.SelectWeapon then
							game.Players.LocalPlayer.Character.Humanoid:EquipTool(v)
						end
					end
				end)
			end
			---------------------------------------------------------------------------------------------------------
	
			tab:Button("Refresh Weapon",function()
				rdropdwon:Clear()
				TOOLS = {}
				for i,v in pairs(game.Players.LocalPlayer.Backpack:GetChildren()) do
					if v:IsA("Tool") then
						rdropdwon:Add(v.Name)
					end
				end
			end)
			tab:Label("Auto Skill")
	
			tab:Toggle("Z",false,function(t)
				zzzhee = t
			end)
			tab:Toggle("X",false,function(t)
				xxxhee = t
			end)
			tab:Toggle("C",false,function(t)
				ccchee = t
			end)
			tab:Toggle("V",false,function(t)
				vvvhee = t
			end)
			tab:Toggle("E",false,function(t)
				eeehee = t
			end)
	
			function autoskillheehee()
				if  zzzhee == true then
					game:GetService("VirtualInputManager"):SendKeyEvent(true,122,false,game.Players.LocalPlayer.Character.HumanoidRootPart)
					game:GetService("VirtualInputManager"):SendKeyEvent(false,122,false,game.Players.LocalPlayer.Character.HumanoidRootPart)
				end
				if  xxxhee == true then
					game:GetService("VirtualInputManager"):SendKeyEvent(true,120,false,game.Players.LocalPlayer.Character.HumanoidRootPart)
					game:GetService("VirtualInputManager"):SendKeyEvent(false,120,false,game.Players.LocalPlayer.Character.HumanoidRootPart)
				end
				if  ccchee == true then
					game:GetService("VirtualInputManager"):SendKeyEvent(true,99,false,game.Players.LocalPlayer.Character.HumanoidRootPart)
					game:GetService("VirtualInputManager"):SendKeyEvent(false,99,false,game.Players.LocalPlayer.Character.HumanoidRootPart)
				end
				if  vvvhee == true then
					game:GetService("VirtualInputManager"):SendKeyEvent(true,118,false,game.Players.LocalPlayer.Character.HumanoidRootPart)
					game:GetService("VirtualInputManager"):SendKeyEvent(false,118,false,game.Players.LocalPlayer.Character.HumanoidRootPart)
				end
				if  eeehee == true then
					game:GetService("VirtualInputManager"):SendKeyEvent(true,101,false,game.Players.LocalPlayer.Character.HumanoidRootPart)
					game:GetService("VirtualInputManager"):SendKeyEvent(false,101,false,game.Players.LocalPlayer.Character.HumanoidRootPart)
				end
			end
			tab:Seperator()

	   tab:Toggle("Auto-Eema",false,function(t)
		_G.Enma = t
	end)
		spawn(function()
		while wait() do
			if _G.Enma then
				pcall(function()
				 equip()
				 if game:GetService("Workspace").Monster.Boss:FindFirstChild("King Samurai [Lv. 3500]") or game:GetService("ReplicatedStorage").MOB:FindFirstChild("King Samurai [Lv. 3500]") then
				 game.Players.LocalPlayer.Character.HumanoidRootPart.CFrame =  game:GetService("Workspace").Island["A - Japan"]["King Samurai Spawn"].CFrame * CFrame.new(0,10,0)
				 for i,v in pairs(game:GetService("Workspace").Monster.Boss:GetChildren()) do
				 if v.Name == "King Samurai [Lv. 3500]" and v.Humanoid.Health > 0 then
				 	game.Players.LocalPlayer.Character.HumanoidRootPart.CFrame = v.HumanoidRootPart.CFrame * CFrame.new(0,8,0) * CFrame.Angles(math.rad(-90), 0, 0)
				 	attack()
				 end
				 end				
				 elseif not game:GetService("Workspace").Monster.Boss:FindFirstChild("King Samurai [Lv. 3500]") or not game:GetService("ReplicatedStorage").MOB:FindFirstChild("King Samurai [Lv. 3500]") then
local PlaceID = game.PlaceId
local AllIDs = {}
local foundAnything = ""
local actualHour = os.date("!*t").hour
local Deleted = false
function TPReturner()
local Site;
if foundAnything == "" then
Site = game.HttpService:JSONDecode(game:HttpGet('https://games.roblox.com/v1/games/' .. PlaceID .. '/servers/Public?sortOrder=Asc&limit=100'))
else
Site = game.HttpService:JSONDecode(game:HttpGet('https://games.roblox.com/v1/games/' .. PlaceID .. '/servers/Public?sortOrder=Asc&limit=100&cursor=' .. foundAnything))
end
local ID = ""
if Site.nextPageCursor and Site.nextPageCursor ~= "null" and Site.nextPageCursor ~= nil then
foundAnything = Site.nextPageCursor
end
local num = 0;
for i,v in pairs(Site.data) do
local Possible = true
ID = tostring(v.id)
if tonumber(v.maxPlayers) > tonumber(v.playing) then
for _,Existing in pairs(AllIDs) do
  if num ~= 0 then
		if ID == tostring(Existing) then
		   Possible = false
		end
  else
		if tonumber(actualHour) ~= tonumber(Existing) then
		   local delFile = pcall(function()
			  -- delfile("NotSameServers.json")
			  AllIDs = {}
			  table.insert(AllIDs, actualHour)
		   end)
		end
  end
  num = num + 1
end
if Possible == true then
  table.insert(AllIDs, ID)
  wait()
  pcall(function()
		-- writefile("NotSameServers.json", game:GetService('HttpService'):JSONEncode(AllIDs))
		wait()
		game:GetService("TeleportService"):TeleportToPlaceInstance(PlaceID, ID, game.Players.LocalPlayer)
  end)
  wait(4)
end
end
end
end
function Teleport()
while wait() do
pcall(function()
TPReturner()
if foundAnything ~= "" then
  TPReturner()
end
end)
end
end
Teleport()
end
end)
end
end
end)
			----------------- Stats ---------------------
	
			local stat = serv:Channel("Auto stat")
	
			_G.set = 1
			stat:Slider("Set Point",0,20,1,function()
				_G.set = 1
			end)
			stat:Toggle("Defense",false,function(t)
				_G.Defense = t
			end)
			stat:Toggle("Melee",false,function(t)
				_G.Melee = t
			end)
			stat:Toggle("Sword",false,function(t)
				_G.Sword = t
			end)
			stat:Toggle("Devil Fruit",false,function(t)
				_G.DevilFruit = t
			end)
	
			spawn(function()
				while game:GetService("RunService").RenderStepped:wait() do
					if _G.Defense then
						pcall(function()
							local args = {
								[1] = "Defense",
								[2] = _G.set
							}
							game:GetService("Players").LocalPlayer.PlayerGui.Stats.Button.StatsFrame.RemoteEvent:FireServer(unpack(args))
						end)
					end
					if _G.Melee then
						pcall(function()
							local args = {
								[1] = "Melee",
								[2] = _G.set
							}
							game:GetService("Players").LocalPlayer.PlayerGui.Stats.Button.StatsFrame.RemoteEvent:FireServer(unpack(args))
						end)
					end
					if _G.Sword then
						pcall(function()
							local args = {
								[1] = "Sword",
								[2] = _G.set
							}
							game:GetService("Players").LocalPlayer.PlayerGui.Stats.Button.StatsFrame.RemoteEvent:FireServer(unpack(args))
						end)
					end
					if _G.DevilFruit then
						pcall(function()
							local args = {
								[1] = "Devil Fruit",
								[2] = _G.set
							}
							game:GetService("Players").LocalPlayer.PlayerGui.Stats.Button.StatsFrame.RemoteEvent:FireServer(unpack(args))
						end)
					end
				end
			end)
			if game.PlaceId == 4520749081 then
			local Shop = serv:Channel("Buy item")
			Shop:Button("Katana $5000",function()
				game.Players.LocalPlayer.Character.HumanoidRootPart.CFrame = CFrame.new(2049.4987792969, 48.143287658691, -1719.1455078125)
			end)
			Shop:Button("Cyborg $1000000",function()
				game.Players.LocalPlayer.Character.HumanoidRootPart.CFrame = CFrame.new(4577.1977539063, 123.65245819092, 3224.4995117188)
			end)
			Shop:Button("DarKLeg $150000",function()
				game.Players.LocalPlayer.Character.HumanoidRootPart.CFrame = CFrame.new(6456.65625, 168.45036315918, -2374.0812988281)
			end)
			Shop:Button("Mini Mace $500000",function()
				game.Players.LocalPlayer.Character.HumanoidRootPart.CFrame = CFrame.new(8698.2412109375, 310.09521484375, 1921.1473388672)
			end)
			Shop:Button("WaterStyle $1500000",function()
				game.Players.LocalPlayer.Character.HumanoidRootPart.CFrame = CFrame.new(2861.1259765625, 40.272518157959, 14145.63671875)
			end)
			Shop:Button("BusoHaki $500000",function()
				game.Players.LocalPlayer.Character.HumanoidRootPart.CFrame = CFrame.new(8133.9077148438, 12.755578994751, 5435.8061523438)
			end)
			Shop:Button("None $10000",function()
				game.Players.LocalPlayer.Character.HumanoidRootPart.CFrame = CFrame.new(-932.88989257813, 386.42059326172, 4755.2895507813)
			end)
			Shop:Button("Pipe $250000",function()
				game.Players.LocalPlayer.Character.HumanoidRootPart.CFrame = CFrame.new(8102.755859375, 11.846879959106, 5374.177734375)
			end)
			end
			if game.PlaceId == 4520749081 then
			local TP = serv:Channel("Teleport")
	
				TP:Button("Town",function()
					game.Players.localPlayer.Character.HumanoidRootPart.CFrame = CFrame.new(2222.798828125, 48.217567443848, -1755.4344482422)
				end)
				TP:Button("Pirate Island",function()
					game.Players.localPlayer.Character.HumanoidRootPart.CFrame = CFrame.new(4018.5754394531, 37.868427276611, 326.14840698242)
				end)
				TP:Button("Soldier Town",function()
					game.Players.localPlayer.Character.HumanoidRootPart.CFrame = CFrame.new(1681.0186767578, 68.619071960449, 1242.8004150391)
				end)
				TP:Button("Shark Island",function()
					game.Players.localPlayer.Character.HumanoidRootPart.CFrame = CFrame.new(3941.6325683594, 10.566205978394, 3228.8093261719)
				end)
				TP:Button("Chef Ship",function()
					game.Players.localPlayer.Character.HumanoidRootPart.CFrame = CFrame.new(104.73770904541, 12.964610099792, -145.74780273438)
				end)
				TP:Button("Snow Island",function()
					game.Players.localPlayer.Character.HumanoidRootPart.CFrame = CFrame.new(-2824.9541015625, 18.14605140686, 1410.3936767578)
				end)
				TP:Button("Desert Island",function()
					game.Players.localPlayer.Character.HumanoidRootPart.CFrame = CFrame.new(1636.9338378906, 13.269888877869, 3480.7963867188)
				end)
				TP:Button("Skyland",function()
					game.Players.localPlayer.Character.HumanoidRootPart.CFrame = CFrame.new(-1231.2655029297, 200.67687988281, 4618.2275390625)
				end)
				TP:Button("Bubbleland",function()
					game.Players.localPlayer.Character.HumanoidRootPart.CFrame = CFrame.new(8056.2368164063, 13.389360427856, 5555.2104492188)
				end)
				TP:Button("Lobby Island",function()
					game.Players.localPlayer.Character.HumanoidRootPart.CFrame = CFrame.new(4252.2373046875, 13.413521766663, 6880.1655273438)
				end)
				TP:Button("Zombie Island",function()
					game.Players.localPlayer.Character.HumanoidRootPart.CFrame = CFrame.new(-931.52960205078, 48.181209564209, 8328.90234375)
				end)
				TP:Button("War Island",function()
					game.Players.localPlayer.Character.HumanoidRootPart.CFrame = CFrame.new(8581.783203125, 81.803428649902, 1592.5651855469)
				end)
				TP:Button("Fishland",function()
					game.Players.localPlayer.Character.HumanoidRootPart.CFrame = CFrame.new(2933.6862792969, 40.583614349365, 13371.825195313)
				end)
			end
			if game.PlaceId == 6381829480 then
		local TP = serv:Channel("Teleport")
		TP:Button("Dock",function()
					game.Players.localPlayer.Character.HumanoidRootPart.CFrame = CFrame.new(1889.5512695313, 72.357009887695, -2089.6657714844)
		end)
		TP:Button("Hibernus Land",function()
					game.Players.localPlayer.Character.HumanoidRootPart.CFrame = CFrame.new(-1398.8989257813, 75.344528198242, -5781.6713867188)
		end)
		TP:Button("Floresco Land",function()
					game.Players.localPlayer.Character.HumanoidRootPart.CFrame = CFrame.new(-2254.3591308594, 75.344680786133, -1809.3531494141)
		end)
		TP:Button("Fons Land",function()
					game.Players.localPlayer.Character.HumanoidRootPart.CFrame = CFrame.new(212.10015869141, 75.344528198242, -4806.1918945313)
		end)
		TP:Button("Carcer Land",function()
					game.Players.localPlayer.Character.HumanoidRootPart.CFrame = CFrame.new(-97.867179870605, 75.344505310059, 238.53981018066)
		end)
		TP:Button("King Samurai",function()
					game.Players.localPlayer.Character.HumanoidRootPart.CFrame = CFrame.new(-3617.8469238281, 508.57559204102, -1410.083984375)
		end)
		TP:Button("Torrefacio",function()
					game.Players.localPlayer.Character.HumanoidRootPart.CFrame = CFrame.new(-3611.4453125, 75.34969329834, 512.34454345703)
		end)
		TP:Button("Viridans",function()
					game.Players.localPlayer.Character.HumanoidRootPart.CFrame = CFrame.new(-2930.3295898438, 74.702262878418, 3004.9523925781)
		end)
		TP:Button("Skull isLand",function()
					game.Players.localPlayer.Character.HumanoidRootPart.CFrame = CFrame.new(-3453.7497558594, 51.437110900879, 10329.479492188)
		end)
		TP:Button("Dead Tundra",function()
					game.Players.localPlayer.Character.HumanoidRootPart.CFrame = CFrame.new(8396.2236328125, 14.361581802368, 933.12878417969)
				end)	
		end    
		if game.PlaceId == 6381829480 then
		local Ty = serv:Channel("Buy item")
		Ty:Button("Black Market",function()
					game.Players.localPlayer.Character.HumanoidRootPart.CFrame = CFrame.new(1908.8797607422, 72.357009887695, -2100.9055175781)
		end)
		Ty:Button("Cyborg",function()
					game.Players.localPlayer.Character.HumanoidRootPart.CFrame = CFrame.new(841.56256103516, 75.294364929199, -4033.5974121094)
		end)
		Ty:Button("Water Style",function()
					game.Players.localPlayer.Character.HumanoidRootPart.CFrame = CFrame.new(851.13958740234, 75.294364929199, -3968.2131347656)
		end)
		Ty:Button("Dragon Claw",function()
					game.Players.localPlayer.Character.HumanoidRootPart.CFrame = CFrame.new(246.9157409668, 432.90087890625, -936.02331542969)
		end)
		Ty:Button("DarkLeg",function()
					game.Players.localPlayer.Character.HumanoidRootPart.CFrame = CFrame.new(790.33093261719, 75.294342041016, -4031.0964355469)
		end)
		Ty:Button("Awake Master",function()
					game.Players.localPlayer.Character.HumanoidRootPart.CFrame = CFrame.new(-2067.57421875, 169.78974914551, 5003.4887695313)
		end)
		Ty:Button("Random Appearance",function()
					game.Players.localPlayer.Character.HumanoidRootPart.CFrame = CFrame.new(1338.2873535156, 75.847648620605, -2216.00390625)
		end)
		Ty:Button("Reset Stats",function()
					game.Players.localPlayer.Character.HumanoidRootPart.CFrame = CFrame.new(-2277.4682617188, 75.294364929199, -1779.3775634766)
		end)
		Ty:Button("Random Fruit",function()
					game.Players.localPlayer.Character.HumanoidRootPart.CFrame = CFrame.new(-2326.703125, 75.435775756836, -1890.0198974609)
		end)
			end

			local PY = serv:Channel("Player")
			function isnil(thing)
				return (thing == nil)
			end
			local function round(n)
				return math.floor(tonumber(n) + 0.5)
			end
			Number = math.random(1, 1000000)
			function UpdatePlayerChaMonster()
				for i,v in pairs(game:GetService'Players':GetChildren()) do
					pcall(function()
						if not isnil(v.Character) then
							if ESPPlayer then
								if not isnil(v.Character.Head) and not v.Character.Head:FindFirstChild('NameEsp'..Number) then
									local bill = Instance.new('BillboardGui',v.Character.Head)
									bill.Name = 'NameEsp'..Number
									bill.ExtentsOffset = Vector3.new(0, 1, 0)
									bill.Size = UDim2.new(1,200,1,30)
									bill.Adornee = v.Character.Head
									bill.AlwaysOnTop = true
									local name = Instance.new('TextLabel',bill)
									name.Font = "GothamBold"
									name.FontSize = "Size14"
									name.TextWrapped = true
									name.Text = (v.Name ..' \n'.. round((game:GetService('Players').LocalPlayer.Character.Head.Position - v.Character.Head.Position).Magnitude/3) ..' M')
									name.Size = UDim2.new(1,0,1,0)
									name.TextYAlignment = 'Top'
									name.BackgroundTransparency = 1
									name.TextStrokeTransparency = 0.5
									if v.Team == game.Players.LocalPlayer.Team then
										name.TextColor3 = Color3.new(255,0,0)
									else
										name.TextColor3 = Color3.new(0,0,255)
									end
								else
									v.Character.Head['NameEsp'..Number].TextLabel.Text = (v.Name ..'   \n'.. round((game:GetService('Players').LocalPlayer.Character.Head.Position - v.Character.Head.Position).Magnitude/3) ..' M')
								end
							else
								if v.Character.Head:FindFirstChild('NameEsp'..Number) then
									v.Character.Head:FindFirstChild('NameEsp'..Number):Destroy()
								end
							end
						end
					end)
				end
			end
			function UpdateDevilChaMonster() 
				for i,v in pairs(game.Workspace:GetChildren()) do
					pcall(function()
						if DevilFruitESP then
							if string.find(v.Name, "Fruit") then   
								if not v.Handle:FindFirstChild('NameEsp'..Number) then
									local bill = Instance.new('BillboardGui',v.Handle)
									bill.Name = 'NameEsp'..Number
									bill.ExtentsOffset = Vector3.new(0, 1, 0)
									bill.Size = UDim2.new(1,200,1,30)
									bill.Adornee = v.Handle
									bill.AlwaysOnTop = true
									local name = Instance.new('TextLabel',bill)
									name.Font = "GothamBold"
									name.FontSize = "Size14"
									name.TextWrapped = true
									name.Size = UDim2.new(1,0,1,0)
									name.TextYAlignment = 'Top'
									name.BackgroundTransparency = 1
									name.TextStrokeTransparency = 0.5
									name.TextColor3 = Color3.fromRGB(255, 0, 0)
									name.Text = (v.Name ..' \n'.. round((game:GetService('Players').LocalPlayer.Character.Head.Position - v.Handle.Position).Magnitude/3) ..' M')
								else
									v.Handle['NameEsp'..Number].TextLabel.Text = (v.Name ..'   \n'.. round((game:GetService('Players').LocalPlayer.Character.Head.Position - v.Handle.Position).Magnitude/3) ..' M')
								end
							end
						else
							if v.Handle:FindFirstChild('NameEsp'..Number) then
								v.Handle:FindFirstChild('NameEsp'..Number):Destroy()
							end
						end
					end)
				end
			end

			PY:Toggle("ESP Player",false,function(a)
				ESPPlayer = a
				while ESPPlayer do wait()
					UpdatePlayerChaMonster()
				end
			end)

			PlayerName = {}
			for i,v in pairs(game.Players:GetChildren()) do  
				table.insert(PlayerName ,v.Name)
			end
	
	
			PY:Toggle("Spectate Player",false,function(bool)
				Sp = bool
				local plr1 = game.Players.LocalPlayer.Character.Humanoid
				local plr2 = game.Players:FindFirstChild(SelectedKillPlayer)
				repeat wait(.1)
					game.Workspace.Camera.CameraSubject = plr2.Character.Humanoid
				until Sp == false 
				game.Workspace.Camera.CameraSubject = game.Players.LocalPlayer.Character.Humanoid
			end)
	
			SelectedKillPlayer = ""
			PY:Dropdown("Selected Player",PlayerName,function(plys) --true/false, replaces the current title "Dropdown" with the option that t
				SelectedKillPlayer = plys
